    139.8067322     26.1418476    869.6627197    193.5753784    131.3875275   2937.4177246    224.8789978    233.9491272   2244.9631348    294.7338562     24.6342621   2123.2329102    389.3466187     69.6454620   3177.0319824    290.1017456     61.3646011    432.8333740      3.1812389    399.3276978

      0.0000730      0.0000001      0.0000019      0.1299074      0.0000002      1.4260857      0.0000000      0.0000007      0.0000016      0.0000031      0.0000001      0.0272116      0.0000001      0.0000003      0.0000015      0.0113649      0.0000003      0.0000007      0.0000000      0.0000000

      0.3456996      0.0000034      0.0000013      0.0000030      0.3087161      0.5028780      0.0000017      0.0002529      0.0000906      0.1299180      0.0001456      0.0000015      0.0000002      0.0000016      0.0000048      0.2186462      0.0000846      0.0006865      0.0000000      0.0000070

      0.0004982      0.0000000      0.0000000      0.0000017      0.0000001      1.3249583      0.0000029      0.0000011      0.0000037      0.0000008      0.0000014      0.0000000      0.0000015      0.0000002      0.0000011      0.1365461      0.0000017      0.0000018      0.0000003      0.0000002

      0.0000000      0.0000000      0.0000000      0.0000000      0.0000000      0.0000000      0.0000000      0.0000000      0.0000000      0.0000000      0.0000000      0.0000000      0.0000000      0.0000000      0.0000000      0.0000000      0.0000000      0.0000000      0.0000000      0.0000000

      0.0000000      0.0000000      0.0000000      0.0000000      0.0000000      0.0000000      0.0000000      0.0000000      0.0000000      0.0000000      0.0000000      0.0000000      0.0000000      0.0000000      0.0000000      0.0000000      0.0000000      0.0000000      0.0000000      0.0000000

      1.8448709      0.9730461      0.0435804      0.4701071      0.0839349      1.5367229      0.0601424      0.1904050      2.5033689      0.7668074      0.0422039      0.1591237      0.4728963      0.3808426      2.0261388      0.6276087      0.6261100      0.0855261      0.0350407      0.0321125

      1.2745371      0.0000000      5.3579211      3.5450294      2.3063071     19.1551208     25.3584366      0.0000000     20.2805367      0.3653054      0.0000000      3.1231594      0.0000000      9.8710537    289.6116943     15.1674061      1.2387153      0.0000000      2.3281708      0.1133061

      0.0000000      0.0000000      0.0000000      0.0000000      0.0000000      0.0000000      0.0000000      0.0000000      0.0000000      0.0000000      0.0000000      0.0000000      0.0000000      0.0000000      0.0000000      0.0000000      0.0000000      0.0000000      0.0000000      0.0000000

      0.0000000      0.0000000      0.0000000      0.0000000      0.0000000      0.0000000      0.0000000      0.0000000      0.0000000      0.0000000      0.0000000      0.0000000      0.0000000      0.0000000      0.0000000      0.0000000      0.0000000      0.0000000      0.0000000      0.0000000

    224.0415649     28.2692204    112.4271851    223.2141418     56.8893280     81.4649658     46.8160019     97.1842270    198.8882751    188.2035828     53.3813019     98.0428391     23.9492970    143.7699585    207.4612122    113.0346222     96.3385391    115.2816467     20.9167480     69.6757050

    248.3282623     13.4985294    270.9603577    305.1488037     53.9233704    112.3086853     88.4210281     82.0879288    253.9747772    126.6994781     43.5999374    214.9216614     80.3263168    173.3008881    206.5764008    220.8878632    100.0359344     65.6783447     26.3076553     52.8971672

    290.3101807     68.6752930    118.3394012     90.0608978    155.1876068    113.6834106     53.3781624    231.7286682     88.2247086    450.5587769     97.7124481    110.2058411      9.2299919     71.2293396    197.5841217     82.9937286     65.7726517    181.9485931     54.2091103    123.8091965

     11.4710197     21.2184258     38.5898094     12.2130289      3.3342028    365.6987305     17.2083454      1.5668725     18.7857933      5.8930035      1.3773410     41.2279701      5.3938651     12.1641245     41.3056526     14.8502398      7.2186875      3.4751537      1.1097997      3.5081532

    138.9845276     39.4671898    637.5377808    132.2285309     75.6742325   1864.8159180     62.1885719    152.6288300    277.6127930    199.3260040     58.5150299    306.6536560     61.4473267     88.9215393    226.0253143    190.8940277    104.9497604    235.7174683     30.4369774     65.4748306

    176.1943054     32.1685791    588.0996094    104.7429199     25.3902988   1397.9880371     81.8158264    131.8523102    116.0833969    273.4795227     29.4212036    112.0862427    121.5756531     24.8789330     63.6938324     83.3548050     42.2792549    292.1157837      2.1236761    129.7918091

    110.6628113      5.8789105     30.0106564     27.5896606     16.3999920   1237.6461182     15.4904594     67.4203415     21.4842548     63.7810555      7.2906818     14.5309496     11.3450079      8.8068914     22.5459957    114.6480103     34.3090019    123.5522308      2.9433689     18.5631466

    103.4838562     30.7993107     89.9055328     61.0297546    201.7410736    469.0657349     28.1429577    285.6323547    132.4640808    277.9042664     42.6652870     88.4127960     30.9487381     23.0236454    134.3989105     68.8901520     95.8077469    496.0185547     33.6706963    483.8631897

    220.0336609     32.1704102     56.6044006    143.1427765    178.6596375    961.1965332    113.1414337    284.3059692    186.1045685    356.1814575     45.0761414     59.9856071     78.1702423     76.2229462    151.4006500    118.8725891    170.4915771    515.9468994     23.2886086    264.4060059

     46.9968643      6.8418083     74.7958069     55.5881958    109.2412415    286.3769531     42.1949081    114.4776230    853.1787109     99.8205795     15.8281355    566.4822388     32.4336128     15.4149780   1025.3054199    145.4453278     41.5389137    269.5817566      8.1005421    275.8347473

    153.6091919      3.2293520    572.0745239      9.7152233     55.0731201    213.7169342     23.1903381     35.8028526     20.8680534    130.0877075      3.6903098    316.7540283    167.6904602      2.6690478     10.1161718    150.9807587     23.3395634    148.2189789      0.4402536     11.7249994

      0.8025563      0.0036097    465.9118958      1.0059483      0.8355485      0.0072541      0.7037748      1.5667925      2.1038938      4.5924416      0.1614457      2.1331944      0.0000003      1.1734316      0.3577909     89.6996078      0.5774526      6.4034071      0.0000000      0.0000945

     62.0310402     14.2805128      8.4776096     20.2233524     40.9021034      9.9251213     11.0772076     62.8447800     45.9912872    110.8637772     24.8461895      8.1487312      4.0750146     27.5739269     61.8210983     16.4626904     16.9257507     64.0082245     16.1485100     27.7465553

    108.0745544     45.8372536     87.0473175    137.6975708     17.4277973     74.2960129     32.3346443     28.1869259    120.3111725     54.2520409     19.0272751     56.7812347     43.6834488     76.6815948    579.1453247    101.6039429     43.8533974     37.8448677     11.8815527     20.7043495

    124.9352570      5.0908313     98.5248108    135.7444305     25.7648487     45.6877708     26.7276001     40.0218620     93.3957443     65.6743011     16.9009113     54.3174706    123.0541153     68.3388519     71.7647552     53.4493217     57.8333931     44.8522453     12.8915672     28.9234886

    143.0482941     18.2444401     25.4038372     27.5313015     81.6096573     35.4331818     14.0946217    121.4400787     13.4604712    215.9679565     45.9078445     32.7711945      4.8349328     22.9205837     43.0266380     31.2128429     45.6066780    124.3730469     23.0330429     44.1976089

    120.6978683     61.0213470     18.5021496     51.4793549     40.7749214     42.5162964     17.2742500     94.2886353     56.9573212    142.6256714     34.2662354     30.7101898      6.4490042     42.2407455     64.1834641     37.2721939     45.3368607    108.2473526     11.4022207     39.6709747

    110.8600006      8.4824123     90.9312439    122.9331436     22.5844555     43.1540413     34.9214783     26.5365734    109.8099136     49.7261391     16.5733318     63.8348427     58.3218727     80.7072449    142.3376160     66.6007614     48.4148445     84.5498734      8.4465580     18.4113750

    233.6372528     19.6215210     91.5881119    165.8155975     87.1521454     69.5744781     38.6881447    125.6718903     99.2724991    197.7603912     54.2014732     54.5244942     18.8224621     91.0723953    118.3727264     81.4154510     90.0747223    132.2540588     48.4939041     73.7699432

      6.8055987      0.7785509     72.6509323     32.2892151     28.8527603     73.2711334     15.1211491     73.1715012      3.3247335     53.1974983     16.0725536     39.9617462      0.0190739     28.5460796    190.6409912     10.3493347      1.2330083     20.8942661      0.3537811      0.0301777

      0.2249635      0.0184819      0.2502125      1.0120244      0.9755186      0.0937676      0.1087942      0.7942615      1.7958399      3.3872361      0.2473565      0.1243129      0.0374695      0.2952765      0.6792300      0.1515705      0.4814494      0.8250133      0.2711858      0.4074281

      2.3449857      0.1038744      0.0315552      0.0278764      0.7457081      0.1303313      0.0093949      1.7605790      0.0337999      1.7023399      0.1880552      0.0066810      0.0634076      0.0392935      0.0172142      0.1374402      0.1971732      3.0238647      0.0088948      1.2835060

      4.5856252      2.8052375      0.1359229      0.0106565      0.0281317      0.1015873      0.0075989      0.3937472      0.0082692      0.4938399      0.0599813      0.9695802      0.0346663      0.0191782      0.0081721      1.9020506      4.0950899      7.8716502      0.0024507      0.0273545

      0.7414101      0.2378233      0.2392946      1.8062605      0.6840287      0.7821196      1.1263109      2.7560472      1.6773727      0.9388388      0.6324449      0.4875733      0.0173777      1.1379650      1.8374373      1.1861078      2.6457834      3.9033439      0.1255346      0.6292112

      0.1230014      0.0094236      0.0061393      0.0166536      0.5305064      0.0405316      0.0001933     14.2311897      0.0416288      3.6531775      0.3639093      0.0015989      0.0015295      0.0040322      0.0081714      0.1684036      0.2696731      4.1999478      0.0037717      0.0352679

      2.5839632      0.2197309      1.3625244      1.1373092      0.2498750     11.6072607      1.5695704      0.1607732      0.4806690      0.1693487      0.4683959      0.4134941      0.0982722      0.3118744      0.6586512      0.6027814      0.2855526      0.3783998      0.1035384      0.6270819

      3.2324979      0.1936887      2.9862375      2.1919818      0.0457374      3.2279243      1.0788562      0.1044459      1.2436943      0.0372944      0.0574166      2.2853673     62.3512688      0.8982877      1.2225583      1.8571174      0.2976159      0.2062834      0.0000411      0.0658723

     61.0352440     14.7113218     41.4841881     72.6021347     35.8831444     32.9153519     24.5104713     53.7919235    109.1077652     51.4785004     14.7500019     39.1977882     58.9893723     48.6358566     93.0950699     61.9741592    103.7888794     83.5093613      9.7012339     38.2681351

    160.4409943      2.9647093    614.3766479    142.6364746     41.6862946    446.5618591     15.0210924    119.9812012   2362.3767090    139.6600342     10.7249794   1792.9274902    160.0450745     36.4993629   3036.7253418    154.2102966     57.7121124    198.7514343      7.0623946    150.8591766

     65.6810913     79.5240021     72.2541504     84.6136322     26.8028069     49.4205208     13.6048002     39.2614365     25.0474072     60.2149849     19.2026310     48.5959930      5.1328855     51.5143967     26.0637074     36.9587059     37.2210922     49.0634651      6.0063705     16.7851410

    204.2147827     77.4724045     36.4004860     25.8079262    132.6062469     89.7919922     17.8829346    290.5127258     31.4847546    478.6425171     83.3478546     49.0979195      6.4046607     28.4857254     59.5092468     96.0029449     52.2117310    218.9561462     43.4066772     80.2032547

      1.3589683     20.1374760      0.1355957      0.9132460      9.9177675      0.8484636     30.8627243     22.4617462      1.1059003     20.2413540      8.0959244      0.2574897      0.2722919      0.4308757     19.8631935      0.9766768      2.0919020     31.0117626      1.1173724      0.9457754

     53.4179459      4.5399137     44.6619148     67.2718124      6.9152145     23.0661831     10.4015341     12.1132889     44.6883736     41.0799255      7.9629602     17.5999489     74.3160324     21.6553268     32.7439842     31.3514996     19.5120869     19.9330997      6.6635890      9.2926817

     78.7001572     10.1301794    131.1428375     74.9778290     38.6373177    161.5516205     52.2840195     72.8557281     43.7395363     86.3759537     25.3992481     95.4983521    393.0458984     59.7547874     66.6768723    110.5951385     43.8421707     43.9349861     20.8916836     26.0170536

    206.0345306     39.6771393    108.7085724    100.1028366    121.9567032    132.7131195     29.2550049    199.8747253     86.4459000    420.8328857     86.1717072    103.3439102    297.4000244     81.1106491     85.4067993    134.3258362     68.2417908    154.7873383     30.9173222     74.8310242

    150.7376862     17.7656612     85.4213638    175.3630371     29.4400845     52.8323250    114.8936768     40.1357231    178.1944733     89.0069046     22.2624111     77.4832306     54.9919472     98.6731033    159.0049744     90.5033417     59.8772964     38.1488190      6.0035653     21.4370937

     58.1624603     13.9171371     58.4654465     80.8521118      9.9387589     40.4131279     14.2151785     17.9196281     78.9611206     39.0023079     10.5663576     43.0867195      8.2530890     43.8727074    118.3624725     41.9196167     28.4949532     21.9412689      1.9029586     12.5504093

     43.7882996     97.7144318     19.8891869     18.2402935     52.4116821     13.8954077     35.8553772     41.5863152     28.4575729    108.3730392     19.7200623     34.8599472      2.6816244     19.1487560     24.9441013     20.6666679     24.9413185     34.2278786      7.5237484     44.1219292

      3.2446430      8.7224388      0.7398817      1.4056833     13.6962385      1.0012380      1.1630665     18.7599487      1.8221966     23.5833416      2.4555624     29.6354542      6.0658817      1.6728407      2.5762267      3.4277697      3.2946553     43.1696014      4.9277129      3.4514265

      5.5378952      0.6770529      1.7144101      3.0178475     32.6605453      0.3668799      2.1113243     62.6692543    146.6900024     80.2918396      2.6722851    150.3510742    264.0262451      6.0448289    188.8320007      5.7843590     20.0396805     62.5967407      0.1655726     29.1285400

      0.7234110      0.0000000      0.0000000      0.0000000      0.0000000      0.0000000      0.0000000      0.0000000      0.0000000      0.0000000      0.0000000      0.0000000      0.0000000      0.0000000      0.0000000      0.0000004      0.0000000      0.0000000      0.0000000      0.0000000

      0.0000000      0.0000000      0.0000000      0.0000000      0.0000000      0.0000000      0.0000000      0.0000004      0.0000000      0.0000000      0.0000000      0.0000000      0.0000000      0.0000000      0.0000000      0.0000000      0.0000000      0.0000000      0.0000000      0.0000000

     80.9234924     37.9612007     10.8648558     21.2631855    135.3728485     28.8098526     17.5898552    214.9951477     17.1352654    253.2680817     44.0469933     13.2175035     10.4524612     15.8958263     23.1791973     31.5360374     54.2134171    269.2923584     22.5785294     69.0218201

    141.6269379     18.8392105    117.0548172     98.4879761     85.0502167   1456.3435059     86.2718353    195.5279083    159.9499817    168.3412933     24.1421375    670.5206299     96.3357162     34.6722107    127.4017563    165.3487701    114.3228073    378.0242615      9.3730583    366.1611328

    103.3536148     37.2058601    370.7851563     82.4178238     94.3839874    197.2518616     99.6787338    116.7935486    115.5656815    164.0422821     38.1567078     59.6044426     67.5593109     45.7368965     76.5194855    187.4361725     79.6599045    174.4107056     32.2706146     64.7783508

    105.8505707      7.7206926    256.8082275     62.0935020     45.3222427    856.4990845    103.5279236    120.8676834    956.5944824    151.2229309     13.5160742    783.7876587    248.8426666     25.9491215   1135.5715332    182.0878906     53.9989548    260.2680969      3.5538988    248.4770355

     92.9983673      1.0322597    786.0184326     93.6581879     35.3218079    446.1541138     67.4007416     54.5495949     47.9901237     19.6903934      5.2565718    238.4667664    146.7378845      7.7981639     11.5391006    117.1600266     12.3039150     95.0142059      0.3238215     25.6867046

     16.3575611      1.6152542    625.6304932     12.6220989      0.9623244    971.1850586      5.1163239      0.8816008     36.6896629     10.0234861      0.3480332     39.8507690     44.5764351      8.5533648     18.3541622    170.6741333     10.4991751     12.0800200      1.7951041      0.8396164

      8.4390659      0.6501940     12.4164085     26.5839348      2.0651536    212.9161377      3.3032663      2.3591869     19.8095818      3.6135330      1.4741638     73.7331238      9.6238861     13.8059244     41.4903488      7.3711286      6.3560052      6.7892437      0.9558272      2.0503588

      5.3045316      0.8510533      3.9256973      4.5708208      0.6953229    119.3052139      1.7338296      0.7389256      3.7114034      1.8362179      0.6590797      4.9187503      2.5022144      1.5227017      2.6651819      6.1944995      2.9281735      1.6056519      0.3583365      1.6062963

     44.4022255      7.0682774     50.8892975     19.2511539     11.6238985   1727.8250732     64.6534424      9.2356405    106.3623657     15.8637152      2.6914432     81.3141937     22.1212482     18.5012665      9.8051281    251.1206512     14.3660564     14.1502686      6.4561543      9.1102314

     81.4655609     24.2449188    153.5223389    107.3829498     90.3695755    315.1289368     61.1661186    102.2548904    561.7839355     96.3766479     30.3140965    443.2605286     67.8414612     41.1437035    741.2857056     82.2284851     90.6006393    217.2890778     13.8584442    459.8823242

    243.3227692    111.6656876    779.4380493    228.4681091     68.7171402   2279.9367676     77.4650497    210.3824463   1091.3117676    272.2182617     37.9916534   1126.1937256    384.2503967    109.3387451   1249.7116699    488.4493103    176.8207245    466.0830994     20.1052952     66.3652115

     95.3890305     15.1433716    522.5358276    120.1038513     34.8276558   2987.6411133     91.1789398    208.0932617    233.9472046    176.6891785      7.7661223    584.3536987    433.7574768     36.1966667    352.8133240    190.1963959     57.4360199    292.9498291      2.7303028     34.6067619

      6.0100622      2.7454302      2.3623183      3.8185725      3.1395812      6.0850234      2.1183243      1.1917750      2.0678334      2.1821489      0.4015633      2.3166983      9.9398823      2.1093411      1.7375437      4.9294910      1.7747021      1.3282911      3.3667986      6.4618492

     48.9244919      0.0748483     48.3644714      1.8149911      0.9925920     59.1183357      7.9499040      8.0779772      4.8470922      9.6099806      0.2653762     35.1575851     51.1949234      1.7827294      2.0161779     11.5601807      4.7205944     25.4951096      0.0091459      0.4280607

     31.3072128      0.9357783      9.8050089      2.2972276      4.6977181     54.7388115     63.9603157      3.7647150      4.9475374     13.4721165      1.0057360      3.2714117    327.0267029      2.7424905     12.8617783      4.8189392      3.4335761      5.0689211      0.4930915      4.0256581

      5.8851137      1.0188247      4.2793541      1.8833315      9.2692165     58.8038788      8.3580732      7.7533631      2.0505583     11.2540150      0.5344279      5.8197775      7.7784028      0.9374303      1.5657597      8.5799627      4.4484758      3.0141752      1.4984599      2.4737678

      5.9761629      1.3904760    200.7123413     17.1250038      2.5105765    123.9139099     18.8525200     20.0468426     21.0748882      7.1244836      2.7228646     94.2107010     92.9513016      2.7025435      5.6806369    106.8199158      6.6570573     37.5840187      0.3843982      2.0945852

      5.0289831      0.9015541     49.2994957     46.8241463      1.3972660     63.4464149      6.4994040      0.3968034      5.0233846      1.0724975      0.4758984     11.2889738      1.6144565      3.1706011      2.7962484     10.6650820      5.9096422      1.3593761      0.2915125      1.3229089

      9.5739536      1.7362740     31.0945511      7.9393511      2.1215827     89.0743027      0.1030893      0.0470749      7.1896238      0.5837042      0.0786633     38.4803543      4.1245184      1.6100719      2.9398608     19.3821487     10.5125084      0.4601499      0.1730406      0.5295652

      0.0000000      0.0000000      0.0000000      0.0000000      0.0000000      0.0000000      0.0000000      0.0000000      0.0000000      0.0000000      0.0000000      0.0000000      0.0000000      0.0000000      0.0000000      0.0000000      0.0000000      0.0000000      0.0000000      0.0000000

      3.0326509      1.6954148      1.6432000      2.5660045      4.2678633      1.5996253      1.9157372     13.9107437      2.9285927      7.1235194      1.2935936      1.6060336      0.4203528      2.9522073      4.8890128      2.5222578      4.3197317     14.6945028      6.0992637      6.8581276

      9.0964890      7.0899472    545.3796997     25.2192898      1.7683531      5.3060436     32.1310120      3.8160625     33.2628555      7.1567597      5.9302726     20.9551811      7.0355692      0.9993779      2.8375852     39.9158058      9.5797672     20.4208908      0.2153693      2.4553497

     15.5968046      6.5519934    788.3072510     12.2558947      4.0246544    217.4848328      6.2434497      5.0167294     13.1608810     28.2538548      3.4607744     39.7102852     24.0928745      2.7730811      3.6664271     34.8602715      8.6050520     12.9111929      0.3093665      1.7889240

      0.0053116      0.0000000      0.0000000      0.0000000      0.0000000     67.3703461      0.0000000      0.0000000      0.0000000      0.0000000      0.0000000      0.0000000      0.0001893      0.0000000      0.0000000      0.0000022      0.0000206      0.0000000      0.0000000      0.0000000

      0.0000000      0.0000000      0.0000000      0.0000000      0.0000000      0.0000000      0.0000000      0.0000000      0.0000000      0.0000000      0.0000000      0.0000000      0.0000000      0.0000000      0.0000000      0.0000000      0.0000000      0.0000000      0.0000000      0.0000000

      0.0000000      0.0000000      0.0000000      0.0000000      0.0000000      0.0000000      0.0000000      0.0000000      0.0000000      0.0000000      0.0000000      0.0000000      0.0000000      0.0000000      0.0000000      0.0000000      0.0000000      0.0000000      0.0000000      0.0000000

      0.0000000      0.0000000      0.0000000      0.0000000      0.0000000      0.0000000      0.0000000      0.0000000      0.0000000      0.0000000      0.0000000      0.0000000      0.0000000      0.0000000      0.0000000      0.0000000      0.0000000      0.0000000      0.0000000      0.0000000

      3.9688005      1.2741356      1.0030191      3.6263597      4.3647676      1.1902975      2.1815231     15.9086208      4.0599012     13.4183464      1.3450165      1.5279727     12.4072990      2.4028163      3.3398905      2.4232013      2.3231916     22.6842289      0.3797188      3.8631580

     64.2345276      3.9528980    234.7347870     11.9942684     13.4084625     96.1104889     32.2494621     41.7953453     86.0640945     98.4820786      4.0829663     20.5257378    285.3563232     10.3757076     36.1877670     28.6877365     16.6603603    140.8331604      0.5061100      4.4601331

     11.0398769      1.7847466      6.5512676      8.1066074      2.3938217     19.7239323      2.4541342     56.9732170      7.5436368      2.4590993      1.4821486      5.2602868      7.1171632      2.7424495      6.9401813      9.6093912      4.8544559     17.5605259      1.4182867      3.2565267

     12.8191595      1.7634454     85.8489761     35.7736015      1.8705077    207.0405121      3.4992869      6.3845897     34.3143234      6.9848909      1.7738231     51.3811302     21.0609131      8.2310371     12.2352600     88.8984604      6.3957348     11.5517244      1.6589226      1.6695241

      2.1894908      0.5435873     11.0449343      5.7617583     10.9577780      8.8227844      3.2944019      0.3534499      4.7971311      1.2919432      0.0963011     18.9694824     57.4253731      5.6751461      4.1507554      4.0141244      2.1446433      0.4898464      0.9209729      0.8423371

     14.3952150     11.8088875     28.2922668     23.1071682      4.0541668      6.4099541     28.9525948      3.5944352     42.8043785     12.0248022      4.1151338     12.6096382     61.7087975      3.5998614      9.0928926     34.2874146     13.6982098      5.1493163      0.5179023      9.2105875

     24.3890934      0.6945727     60.5500145     31.8043537      1.7497352     66.8452454     44.0450439     95.8277969     45.9630318     31.6459408      5.3720007     93.6424255    223.7526398     13.5614052     11.5551558     96.0723801      7.6452856     20.9176083      0.1892801      2.1075914

      7.3903289      5.7972889     16.2763901     15.6371174      2.2551417    433.1836548      3.2444661      6.9415016     65.5809631      4.7376118      1.1325144     14.4822674      1.2928555      8.5961685     27.0960712     96.7252426      7.6644430     14.0156689      2.7515996      1.3999422

      9.4828978      3.6837425     16.0858364     11.0794163      1.3575053    126.1871414      3.1913798      0.5295711      9.4919786      0.8711277      0.6618925    106.4747849      3.4787207      1.4209495      4.6058731     32.0835075      9.0781622      0.9790388      0.1965441      1.3599367

      4.7034264      1.2159295     39.6784554      5.5591803      1.3380849    546.7409668      4.6588960      0.2955581      3.1387608      4.5633779     11.2398434     36.0488167      5.3140202      6.6508574      2.1007507     32.0682945      1.1705498      1.6765269      0.0003109      0.0232555

     26.7706299      3.2842836     29.1608334     33.3785362      6.4434137     35.7760773     11.3832321     11.0621901     26.6692333     15.7380419      5.9344263     26.6755924     24.8090992     16.0525684     18.9252071     35.3732147     29.2096348     14.1070890      1.9929442      8.4532185

    105.8464813      3.9947779    413.7609863    106.5314331     20.1018200    970.1018677     75.0586319     57.6508827    316.0310669    101.2080383      6.2696552    372.4548950    439.9539795     64.2021255    332.9070129    223.6288147     47.8388290    219.4176178      2.6822958      5.8811893

      0.0000000      0.0000000      0.0000000      0.0000000      0.0000000      0.0000000      0.0000000      0.0000000      0.0000000      0.0000000      0.0000000      0.0000000      0.0000000      0.0000000      0.0000000      0.0000000      0.0000000      0.0000000      0.0000000      0.0000000

      0.0000000      0.0000000      0.0000000      0.0000000      0.0000000      0.0000000      0.0000000      0.0000000      0.0000000      0.0000000      0.0000000      0.0000000      0.0000000      0.0000000      0.0000000      0.0000000      0.0000000      0.0000000      0.0000000      0.0000000

      5.8967724      2.0272193      3.2423539      3.1386392      2.2941811     12.3338976      1.8859072      3.8406968      3.0685091      4.8003440      1.0937954      2.2677813      0.5283341      3.3364758      1.7195059      5.4663749      5.0607853      5.7706490      0.8084809      4.6103387

     14.6825638      2.0666380    877.2918701     11.9049282     11.1641321     17.1854496      7.3847961     14.3034773     21.5869656     21.4639339      4.8944626     10.1437845      0.9965493     12.5312405      5.0807285      9.9002256     11.7186232     27.4406834      3.1638391      3.4154754

      9.1806498      3.3060279      0.7487323      6.5553689      8.3491039      2.0901117      1.4362783      8.8299646      2.8183472     10.1851206      3.1085153      1.7418388      0.8239614      2.0400217      3.7323549     19.4317322      8.5792465     16.5285892      4.9898362      5.9655652

      9.2504740      3.0433476      1.3770411      1.7293371      3.7848194      4.7511840      2.6442807     11.3797436      2.8502998     11.0512056      1.9810950      1.7272564      0.6793427      4.5060272      5.0808096      3.4700370      5.2168026     17.9840832      0.8814280      6.8266077

      4.9947810      1.5581344      1.7500005      7.1254039     30.7849789     28.2767162      6.6810493     25.1928329     32.7392044     24.3371048      7.5280399     40.9381981      1.4456949      6.5087566     42.1016273      3.0036886     19.8783379     62.5218887      3.0616353    183.3789825

      7.8528662     12.6702118     75.0562973      4.8461151      3.4861283     28.1764584      5.7571573      1.6846120      7.2330294      7.2335734      1.1570024     30.4190769      2.3432434      5.0471845      8.4201765     16.7194386     17.9410877      3.1188405      1.1037104      3.4076231

     34.8200989      1.2634366     13.6434879     23.6196365      1.8799196     12.7170982     23.7201023      4.6075602     20.8066063     12.9908142      1.8937716    379.4485779     32.2241859      8.5910378     11.6232243     16.1638298      9.0453768      7.3282266      0.8403430      3.4107249

     10.1295824      1.0554923     44.2868462     11.7831841      2.3176100      7.2186384     32.7950325      2.1987710     13.9800558      4.4029408      0.7434897     21.0323257      0.8534720      5.4679399     12.5884390     12.5974922      6.5399680      1.3666520      0.3004903      5.2602992

      6.4509740      2.9819245     17.1472969     10.0185394      2.3713515    196.9527893      3.8295169      1.2520614     15.9666281      4.3662648      1.3339435     20.6857986      2.1024272      8.7353363      7.1894736      8.1642056      4.6785989      1.5370004      1.1389567      3.1355591

     19.4039993      3.4724655     20.6148243     35.2702370      5.7701092    822.9592896      9.6022282      9.4996424     54.5196991     17.7343407      4.6676779     27.2176838      4.7749743     24.7779312     36.4014854     35.6045189     28.3241081     36.8037643      2.4193270      8.9163752

     20.9963722      8.1211758    180.4456635     15.5092907     26.2355804    200.8537750      7.1913710     70.3003693     14.5625505     93.6104660      8.4818172     32.6408119     26.5856342      8.9808817     12.2384844     16.3174458     21.2397556    152.0862122     11.4813728     16.5811691

      6.4764600      1.1806306      2.2466359      3.3081746     13.7405558      5.2488647      4.0034814     39.9953690   1927.5451660    101.9280014      3.0297356   1507.7276611     35.7735672      3.7983954   2591.3498535     13.5466089     11.3371725     46.1366882      3.5636818     16.2391930

     31.8601170      2.3657393     20.1774693     29.8077259     56.1582146     17.4550819     36.3534546     84.7514191     43.5958252    149.9690552      6.9836197     33.5480652     16.6190281     24.4853764     36.8063316     26.7688026     20.6603203     21.3353748      1.4455404     40.3459053

     12.3023939      8.7130976     12.0313282      9.7305803      4.5805717     99.4824600      9.4370508     10.2171822     28.1596909     15.2198296      1.7250619      7.2934780      3.3614366      6.9850907      6.2979007      6.9939299      8.3344793     14.3531132      8.8248434     10.4138622

      9.8601599      0.6467156      3.6842239      8.9809847     51.7504463     16.7205124     11.8204584     37.2409668     75.2087708     19.5980453      8.2198830      1.7454461      1.4824566      8.0033426     89.3041000      6.8147202     37.5860634    117.8029175      0.3158527    439.5786743

      3.7127492      0.4175062     39.9620743      7.2338543      1.4159915      2.4049516      2.7256300      8.0663385      3.5973206      4.1394639      0.7852635     19.9608612      3.0911884      2.8246589      3.3877821     55.5716705     12.5145416     15.8581877      0.1471566      0.4492528

     48.1602707      1.8915731     90.0111694      7.6302452      5.4234447      4.3391728     31.0647602      6.8009267     12.4575548     15.7919989      3.3000193     67.6019592     69.0486908      6.6545820      3.9087687    106.3641510     10.8591509      7.9813299      1.9122877      2.4405520

     11.2141638      0.6216648    105.5414276     22.9623604     26.9878502      5.0751939      1.7029470     37.3917465     16.8041344     37.4235268      7.3242612     59.1993637     51.9632149     11.8311815     33.3016853     12.4182959      9.0427456     17.7249222      2.0528929      1.8834728

     12.3040638      0.9789901     42.1085663     35.3478737      1.0588847     10.1432981      2.9449363      3.0763807     11.6747198      6.4545803      0.9653411     34.9552994     79.1303406     17.8967457     25.1955013     12.6850348      8.8973188      6.6580734      0.8590281      1.5814974

     40.2212563     11.7092752     12.8672132      9.8075037      2.8048780    223.2055359     68.5304337      2.4194005     15.1593132      4.9636698      1.7374183     17.6696873      5.4924736      7.0745306      8.8349457     16.0309353      7.5352054      4.5401578      1.5262100      4.1870666

     69.1604462     17.9890614     92.0762100     37.6530075     22.8151913   1619.1081543     80.2301559     19.6092434     55.0847054     44.9362869      9.3403635    103.9231567     39.0352669     34.0194321     27.5824547    111.5941772     36.6834908     45.3716431      8.4622707     16.4067554

     69.2999649      8.1701107    139.6202698     28.5391750     74.1336288    291.3419495     62.5624352    104.2451553     37.6834488    155.9441223     30.2115993    139.6285400    207.3329620     20.0054665     16.9299450    134.0523376     34.1497421    122.0270996      6.5315433     14.3780584

     96.7310257      3.2728467     34.9783745     13.8485985      1.0143092     18.7022362     17.4647331      9.6722183      7.3435040     51.7559853      8.4039545     27.9789391     56.1289330      3.3853445      5.7970552    141.1101532     73.8911972    111.0389175      0.1874752      1.4031084

    129.2083588      6.8212857    171.1505890     69.4913635     14.7756319     43.2869263     92.4918823     19.8217506     85.7304459     44.9807968     12.5158806    160.7031250    275.7219238     51.4016266     74.3421555    186.7173004     43.7326813     95.2693024      3.7272217     18.4243507

     40.7761955     49.1372757     54.2808151     34.5336380     43.9348869     83.1356430     10.4154510     47.3914032     33.0658493     78.1402512     13.9796219     53.1930923     32.4786148     22.3983974     23.8119831     55.3717842     36.0959892     34.7251968      9.2553596     16.9409981

     43.7115479     27.9052372     65.5368576     45.6557999     38.5082436    439.5573425     38.2725525     41.1753387     53.1603546     46.7373390     14.2012587     92.7086868     69.7320023     23.8071594     40.6324959     60.9897957     51.5939713     49.0453606      7.3508883     16.7361374

    116.1440735     18.8575401    177.5571442    103.1874237     44.9780006    263.6181641     59.7021675     54.9718857   1028.3295898    131.7691193     18.7021751    833.2229004    316.6242676     39.4143677   1313.6534424    133.6802979     60.7119522    139.6478424      8.3216619     28.4125919

    128.1891174     13.5794678    148.4662628     87.8434372    107.4636765   1052.0302734     98.7063217    115.8053055    129.8406830    244.4301910     23.6387482    517.1783447    206.9463348     47.4505424     85.7488632     50.3112793     50.0475273    355.2391052      4.0177665    365.8845825

     23.5560780     16.0589542      5.9853616      7.2272964     38.5141640     15.9076748      6.3289418     38.4495430      9.1178675     38.1674881     10.1075268      6.3811064      8.1335506      6.2406650      8.3776321     18.0182381     13.5285606     38.5032539      3.0055304     19.9018993

     37.9019241      4.0510149    978.0176392     30.1702728     30.9000015    126.9252853     42.3335953    138.7275238     55.5409279    186.5844269      6.3705225    146.8674927    167.3078308     17.3206100     36.5812912    130.0545197     40.1101608    152.7920990      2.0834155      4.7088943

     32.4590340     10.0958242    110.4911728     28.0080357     18.1059151    424.3395386     63.2551079     20.1301384    117.2568283     22.9521561      4.1224375    164.7405853     72.1232910     11.9211731     81.2367020    146.9439087     40.6660995    123.0627823      2.4672632     87.1087646

    204.6558685      4.0399470    148.4068756     80.1984787     35.8806534    926.5446167     75.0609741     43.6019516     78.4693069     85.1079178     11.4060736   1168.0627441     37.5785446     45.4097290    104.1705856    166.1423798     42.2953453    129.5063171      6.2988248    218.2067566

     13.1355639      2.3293047    940.1560059     20.6708870     43.5828323    127.1205750     25.0711021     74.7909851     40.5764923    105.3920898     14.0328331     61.9332542     46.7871590      7.2949424     22.6032600     21.3867722     23.4178963    131.7702332      3.2459486     11.9861565

     36.5378532      4.0184608    107.8927536     13.6019478      5.6956201     53.4821625     49.3950157     41.5402756     26.5189095    142.2086182      9.0243082     55.1917496     77.5906525      5.5731211     29.6898384     53.4130669      8.8228502    107.9090881      3.5781026      5.4137802

     83.5500488      2.9405470    388.0532227     44.9383850     11.6683941    453.0376587     75.5993805     10.1097565     39.2485809     37.3450317      1.6565394    928.6798706    272.1676636     16.0929031     16.0640583    148.7297211     11.9397421    160.7094116      0.0827863     12.5525913

     23.0530262      3.3735285     20.5192699     14.3028927      3.2739480    460.1299744      8.3989992      3.7765098     16.9988308      7.2493882      3.4780173     21.1115398     10.3836231      9.3240795     10.4249077     28.1957245     13.0189972      7.1374865      2.2005205      4.6408653

     97.6448975     13.6799011    144.8801575    106.3609848     49.3344536   1714.8632813     79.1917725     67.9702911    192.4269714     84.7165070     16.6460991    183.7809143     86.0316849     54.8684425    103.7380981    214.2459412     84.9527740    202.3973083      9.6073742    204.0649109

    134.4411926     14.3537521    985.9556274     49.0501328     63.7468910    777.6561890     47.0474319     75.8234177     67.5568237    142.9533539     32.8042374    159.9401245    128.6620789     32.8653564     86.4915466     40.2303391     44.2849197     91.4848480      8.8644228    101.6416397

     76.0482254      5.0532327    808.7329102     86.7320938     40.9361229    329.7801208    119.0258331    172.1305084    118.5580902    128.6962738     16.6439629    151.7606354    296.6761169     32.9148560     46.6746025     97.6177292     43.0365295    130.8331757      7.1644330     19.3206558

     90.2361526      5.9053211    103.2071152     82.0580215     23.0639133    658.2880249     80.5685120     16.2850628     65.4537964     90.9408112      4.4754238    118.9722900    198.7413177     27.3063717     46.3644867     72.5346909     33.2860909     91.4749680      1.7670972     12.3823290

    200.9863892     18.1201191    175.6724548    148.0107574      9.2053728   2495.0668945     41.5486946     28.8211403    132.6808777     56.8462791      3.1567264    312.6531982    163.9942017     69.1710281     58.2035484    228.1172180     38.2962494    129.5365448      2.0056496     55.9360046

     13.9276323    186.3897705      5.1749878     12.0324612      1.7685364     55.7275085     21.9575691      1.0677873   1828.4056396      1.3138679      0.3575891   1408.0957031     66.3296814      1.4931351   2439.8737793     18.4186745      7.4998693      1.0532855      0.1632620      0.8855026

     16.0803318     62.3938637     24.9752178      7.6411500      7.0590515     23.8828430      1.7377735      5.2436728     10.8953171      8.8428822      2.5292115     23.0333519     10.8292904      6.0644240      6.8730278     21.9769554     13.4585524      8.2319250      2.5792332      3.1880145

     26.5088615      0.0000000     12.8913918     30.2509365      3.6341808    315.5233765     27.6580124      2.5008328     29.7254620      2.6959298      0.0487689      2.3534565      0.0000000     27.4803848    456.2201233     32.6061440      1.7966254      3.4877801      3.6686330      0.0000029

      4.8223543      0.0600067      1.9703189      1.3546786      0.1128470      2.5870268      0.2795545      0.9768986      2.7373438      0.3477559      0.9877601      0.8985404      0.4281130      3.4915929      1.9717458      6.2311754      3.6874483      1.3079475      0.0263420      0.1655183

      0.0414481     29.8946419      0.0128354      0.0352982      0.3638290      0.9858524      0.0266102      0.1392666      0.0156004      0.1168143      0.0343112      1.0108958      0.0009908      0.0639138      0.3132441      0.0718137      0.5697592      0.2224888      0.0012866      0.0092306

      0.0003633      9.7708263      0.0007397      0.0006815      0.1237245      0.0078626     19.2601318      0.7512227      0.0007322      0.2990308      0.0241719      0.0819569      0.0002179      0.0005622      0.0022074      0.0004089      0.0059723      0.0344310      0.0002390      0.0003427

     20.2771301      2.8133714     32.8436928     26.4476204      8.3138866     39.7752419     96.0874405      6.7805934     27.5107765     17.2383175      6.7542853     38.3094864      9.5222101     22.3005772     54.4130516     34.1781044     29.2958889      9.4397659      2.6459498     10.4124136

    161.1820679     50.0755692   1133.5943604    238.4730377     93.2811966    946.0415039    104.3109131    131.5030060    256.4668274    221.6091766     37.8574638    339.8366699    196.1379242     80.9412537    203.8242493    407.4808350    133.3373718    205.5095673     18.7554646     71.6849365

    157.9398956     77.7526932    273.3773804    159.3608856     63.8441734   1908.4665527     80.8025665    232.7031708     84.9693527    319.2862854     35.2163849    575.0504761    483.2098389     53.4311676    127.5788574    160.9414825     56.1144218    254.2378387      7.5483065     44.6417999

     54.9755936      5.2219868    516.2830200     40.1088638     54.8632813    179.9119873     48.7664642    159.3499451     54.3077164    102.9885330      6.5895934    115.7135849    621.6161499     19.1466885     28.2020931     68.4935074     29.4975491    279.3491516      0.7210376     16.8345985

     82.3017883     12.8404970    106.8169479     62.8353157     31.7869625     84.7063522     60.4611359     64.3621979    151.8609772    168.2999878     15.7302094     98.4324417    307.1217346     41.1912422     69.0758209    132.7922058     88.3032303    161.1632996      5.6861157     22.7307205

    119.1907883      1.6222355    214.4053040     92.1342010     21.3705788   1039.1412354     66.1899414     92.0181503     41.0259819     81.4980545      0.6708468    326.1669617    178.1566162     55.7209625     71.2530212     94.7753906     11.7828703     83.7046051      2.4897010     20.0944195

     38.6909561     24.3354321    160.9087677     33.6457748     21.0384674     64.4221344     35.9430428     12.7829676     24.5591450     27.5007362      8.8821669    103.0199356     17.6917210     20.0057907     23.4491386     82.2675858     48.8923607     16.5056458      8.0742283     16.6565590

    111.3152008     63.7094803   1257.8830566    128.0926056     38.1241493    174.1000824    163.1501312    158.6066437    187.6177521    117.4658508     23.8307190    193.5024567    492.7572937     65.3764648    116.6313477    205.6814728     42.0156670    117.9382858      5.0871005     14.8380632

     65.1892242      7.0100708    195.5387726     75.0784225     31.4076271    294.4168091     65.8548279     43.4411926     75.7602692    153.0234680     12.5583696    140.2397766    148.6179504     33.2807503    165.0874786     89.8926392     52.9702415     63.7822304     19.7318115     30.1185608

     68.2452240      3.9389923    205.5773621     62.8594284     30.5883427    476.4678650     28.1253757     18.1533165     48.5630531     70.4384995      0.5606738    419.8352661     45.0435524     16.8788815    107.2773056     87.4840317     17.0183067     21.4515095      0.8921987     15.1623783

     42.4750862      6.2280402     37.2965660     50.3674011     11.1911964     23.6206112     11.5153322     18.1560612     42.6682205     32.0666046      7.9027600     21.7039356     46.9605522     19.7310123     31.5783081     38.4599800     27.7285023     21.1304245      7.4033093     12.6547594

     48.8470078     29.1245747    338.0516052    102.5091400     82.4176254    129.7729187     38.0593338     97.3999481     94.2959290     94.0080490     21.0766373    113.6383438    222.1264801     66.2753754    109.8550568     89.0535278     47.7073555     76.1657562     14.2252359     30.5929356

     75.5651703     18.7407341    170.1873779     63.7716522     24.9013596    526.3064575     58.4431190     59.4330521    187.8151703    110.7490234     15.6069517    398.6576538     13.2223272     33.6077652    272.0747986    130.9135132     64.2221909    160.2782898      4.8030882     37.0874710

    119.1978912      5.1052904    233.3888397    120.1449661     39.7626114   1223.9587402     79.6175385     47.0819130     82.3324585     98.8396759      3.9124515    374.3885803     23.5570507     55.1965561     35.0951996     95.7764587     38.0653000    117.2805023      8.3782291     39.4469872

    108.7122650      7.1723342    938.6979370     23.7378216     30.4842434    726.4827881      4.8532724     82.0292892     41.4534073    107.8574524     11.2108870      8.4399290      8.6861572      9.9460344     16.7538376      8.8739729     21.6884995    182.6355286      9.3558016     31.5182266

     13.6129961      3.4776812     12.0555973     19.5548992      6.1879196     25.8215866     15.7692776     33.3594818     18.0096684     46.4151802      4.9086947      6.8792167     16.6972332      9.3087101     12.1173859     29.6252995     22.8985882     66.4786758      1.8693371      5.7774763

     33.1499329      4.8416471    750.9711914     31.2745686      5.0703778    144.4215546     11.8789711      9.9415026     34.5408516     16.4446735      4.7394171     51.4978447    426.5922241     21.9826317     21.6807232     74.7703476     27.4091969     14.1357117      2.3567832      5.2803264

     20.2676506      5.4078946     38.0935478     13.1077108     11.2746601      4.4257841     35.2910995      3.4381368     12.3114643     13.4282446      5.6578097     71.6655197    321.9125977      5.9244680     12.1441193    102.7338333     20.0075264     31.7562027      0.7933831      5.3826451

     53.0599022     11.5569611     97.3697357     67.2594986     16.0984974     57.8887520     21.4793587     25.9479046     74.8154755     35.8510437      9.3567934     96.6691971    135.0684662     44.0236282     53.2728310    101.0001984     84.4588623     40.0041580      6.0223551     17.6022930

     66.4575958      2.0418620    104.9302979     57.4815292     29.7759590   1419.0323486     54.2037506     78.6651459     80.4229431     82.5108185      1.4550819    919.1968384    391.5959778     39.2389259     29.3559685    171.9134979     47.1537819    229.5501862      0.3982667     12.5804186

     13.6300097      4.7721720    113.2179794     21.8038368      5.2616134    170.2180176     19.0052586      6.1653790     24.1240120      8.7072783      5.2952518     65.1852036     24.3328209     14.5728035     19.3719063     37.9205780     26.0091610      6.5858970      1.2027841      6.3081636

     99.9475861      6.1123705    347.8479919     30.1392250     20.4476166     45.5382080     26.3121624     22.8501854    236.4347534     36.1697044      9.9221287    296.3203735    303.5067139     16.3785572    286.5382080    172.1221466     28.6544571     98.1141586      7.3336635     12.5312176

     65.1418991      2.5291543    280.9743652    113.8152466      9.2540884    102.1518555     38.6713867     50.2906799     55.5314560     38.4803429      8.0872555    412.0149841    136.0896149     49.2704048     88.6268768     87.2952042     29.0700359     20.5971832      6.0841532     13.0423288

     24.5614548     14.7985525     74.6923599     62.8847580     14.4495621     16.1222191     14.8512392     10.4976053     64.4256287     31.2027588      7.7977071     67.5274277      9.9462004     17.9499168     91.6681671     36.9744911     29.5046635     15.5955114      5.1825848     17.1619091

     93.0294571      6.3632107      6.0495505      9.8110552     57.3940048     15.2545967      5.4937372     64.2480698      8.8768768    141.1058350     22.6641579     18.1743698     14.5182819      8.8025055     12.6258726     26.9130688     18.2790813     67.3701859     22.9729671     31.9935379

     92.0695648      3.9052238    105.8088455    158.4980011     29.2906170     43.1824226     69.1411285     39.5884361     66.0028915     51.4815674     12.9400311     62.1485367    190.7639771     59.7981186     96.0110779    144.3194733     41.6701469     24.5074463      6.0311055     12.4254322

      3.0776145      0.0391082     76.9913177     26.8313389     15.3105135     23.4845200      7.3633962     18.6365204     21.1669750     19.9083385      3.5204332     57.4692802     50.0000114     27.1891441     47.7711372     11.5511560      0.3005091     18.4860611      0.0000000      0.0000431

      0.0000000      0.0000000      0.0000000      0.0000000      0.0000000      0.0000000      0.0000000      0.0000000      0.0000000      0.0000000      0.0000000      0.0000000      0.0000000      0.0000000      0.0000000      0.0000000      0.0000000      0.0000000      0.0000000      0.0000000

      0.0013245      0.0051846      0.0000000      0.0001764      0.0000000      0.0000023      0.0000000      0.0000036      0.0035575      0.0000293      0.0000003      0.0000000      0.0000000      0.0008805      0.0012138      0.0134621      0.0000017      0.0000132      0.0000000      0.0000000

      0.0000001      0.0000000      0.0000000      0.0000000      0.0000000      0.0022486      0.0000000      0.0000002      0.0000047      0.0000004      0.0000000      0.0000205      0.0000001      0.0000000      0.0000502      0.0000001      0.0000000      0.0000000      0.0000000      0.0000000

     21.6156921     11.0731859      8.5107174     20.5697651     18.5919590     13.4697609      5.5212731     17.0653534     28.2496815     25.4536743      9.9551620     10.3096409     18.2359962     11.8172874     25.1456547     21.0918236     23.3030815     23.4861813      9.8741026     13.4426794

     20.6428566      3.2937410     21.7445717     55.7117996      8.3944235    270.6800842     10.0825558     25.0771275     53.9352646     43.4834747      5.4977884     44.2333183     23.6275902     22.7992916     26.6590691     22.2245979     28.1422482     58.7401276      2.9969976      6.8934994

     59.6759567      2.1965635     49.1228752     59.9674568     23.6449680     93.5348053     23.7337532    128.9369202     69.7941895     25.9604568      6.1918120     67.6686554    218.6819000     19.8688221     21.3797798     55.7750969     37.9557495    149.9741669      8.7166595     15.0750351

    134.6625366      5.6820531    234.5588684     74.8288040     16.1932907    911.9349365     27.4176559    105.8927689     79.4421539    116.5108948     13.3057423    214.2288666    343.2662964     34.8010864    114.6364670     55.3650322     33.3657417    197.8781433      3.7241013     10.7354889

     47.2308159      4.0900707     36.1692581     56.1613503      8.0999432    279.7283936     66.3496475     65.5407867     66.1749725     51.6996574      4.3439493     92.4345398    217.4345551     11.0183935     15.8133097     37.4236755     12.2373095    101.0555344      3.2710633      8.2825327

     22.9853420      0.9666619     12.1957588     27.1167145      7.4986076      7.2222648     22.2415485      2.9857185     71.9318390      8.8095560      2.6048691      8.9163733      3.5530534     20.7548313    788.5491943     40.8031425      6.6186247      6.0908260      7.4978580      3.1817858

     14.1357775      2.2020395     10.0253372     13.9438295      5.5284529     12.3111391      5.8835239      3.4869089     15.6278219     14.3942404      3.5564930     14.1255360     60.3866501      8.4224434     52.9466743     12.3594265     12.1249895      4.1957273      0.7042191      8.1825972

      5.8370576      2.9740641     66.3538666     11.8229246      2.8770695    142.1940002     12.5533447      1.3732866     42.5182037     12.0932131      1.4755059    143.2441406      2.7011769     13.5890989     86.3570862     13.1545868      7.2913418      2.1812565      0.4865097      6.9051795

     18.7674904     64.2126389     34.6923180     10.6159363     42.8968239    201.4110870      9.8995628     30.8739319     17.4087524     36.7605019      7.7483668     25.1155567      1.2254517     15.8859158      5.1905098     17.3284321     15.7625017     42.6049919      7.7800193     33.1098251

     44.3412209     12.6203842     17.9540577     12.6948252     40.7113190    384.2503662     11.8198528     62.9341507     14.0508242    141.3777008     18.1256771     10.1350851     46.7642784     10.2739935     13.7000856     62.9954643     41.8072166    102.7613983     32.3476486     35.3320122

     65.1741028     24.0503426     97.8763199     65.0307388     22.8177967     82.7231445     34.7784500     34.0764847     35.5783195     37.0998001     18.0764694     65.2437363    299.3114319     36.1269264     30.5963421    134.5694580     26.6940155     16.5197811     12.6334381     14.7149706

     74.2205963      4.8837309    514.3179321    108.1354218     34.1418724    443.3717957     56.5576782     56.2121887    209.4083862     69.0947800     15.4280167    181.9284668    214.3936615     64.9233856    134.3883057    249.7537994     35.6712074    105.4760513      6.8576450     11.6415577

    126.7708054     23.0184898    212.1126404     73.2148285     62.3108444    115.3961182     87.1969528     79.6853790     60.0193024    178.7888641     21.5905437    114.5673141     10.4965897     53.7521362    487.8333130     78.7372284     31.9621925    109.2615433     14.1037178     34.7272224

     77.0687561     86.5796967    144.0593872     64.5465698     66.3790512     33.2688484     33.1925735     74.6032104     73.6642990    121.0143356     19.3777523     91.5814362     69.5730972     33.3582001     57.8592491     48.2724266     41.2928467     64.6372452     11.8953047     41.5125275

     26.7613068      1.9400595     81.5967636      3.1031156     13.0309076      9.5761147     31.7572613     25.4268055      9.7738152     15.8237419      0.6703149     84.5969467    182.3849182      6.1474977      2.6701055    122.7286148      9.2979698     46.8289032      1.3287777      5.8656459

     11.0639124      2.0676618    453.0687256      4.9103613      1.6786804     92.6926575      7.3876944      3.2519627      3.0368412      7.7200861      0.8081798     12.2590742      1.0683216      3.6648619      1.4484631      7.5409398      3.2812743     61.3698158      0.0855860      1.3625952

     52.8338623     20.1431446     56.5404968     45.2489204     53.1589813    407.8317566     25.4365005     63.2302437     48.4792137     94.4228058     25.5830250     33.9755859     25.7408752     38.9289551     59.2309647     54.1362801     66.8639297    102.5645370     43.3537750     55.2776947

     43.4011765      3.9447074   1026.1444092     43.4561462     48.2251701    435.3939209     21.7172718    141.0845642     70.4524689    132.7263031      4.5349884    145.9103699     47.2165222     23.3502769     93.3276901     50.7973785     34.4063225    319.5239868      3.0160336      2.0036845

      0.8432313      0.0000753      2.4606543     10.1146631      0.0237170     27.6924896      0.0000075      0.2013374      2.4226313      0.1991050      0.1166728      9.9134855    125.0997391      1.9718496      8.2248106      0.1915992      0.0669498      0.7872615      0.0000049      0.0180265

      0.0000700      0.0000005      0.0000069      0.0000229      0.0000011      0.0000058      0.0000108      0.0001868      0.0756260      0.0002590      0.0000104      0.0276170      0.0000014      0.0000758      0.0076119      0.0000540      0.0000136      0.0518478      0.0000049      0.0000153

      0.0000089      0.0000079      0.0000000      0.0000000      0.0000003      0.0303070      0.0000004      0.0000001      0.0000035      0.0000001      0.0000000      0.0000086      0.0000000      0.0000000      0.0000006      0.0000100      0.0000120      0.0000002      0.0000000      0.0000010

     21.3865166      9.6041527     35.5928230     30.2718906     23.0857964     15.7130623     12.4648399     25.2506561     22.9379749     30.3909645      7.6719089     25.5240784     13.1666660     13.7118969     22.4036560     37.0069847     41.8538094     32.3754387     10.8842506     19.9886074

     92.7943726     23.2657986    316.9893799     28.0290890    119.7937775     68.2529297     81.7380905    220.4073181    112.7096329    170.5311737     45.7471199     31.9069996     81.0820694     28.0842457     62.9003487    108.7909470     67.9479294    262.3341980     16.1076431    114.5550385

     26.8475113      3.9919405     34.1182594     31.3851147     10.2469864    515.9108276     14.6042681     77.2608337     38.1280556    124.5137558      5.3715844     18.6644325     67.2007294     18.7570171     18.7078323     23.3877239     16.7355709    149.5232239      3.6493406      2.9219718

      7.0396948      2.2167687     94.0143661     14.8904276     10.8910942    162.8453827      7.9382720      5.0072827      8.5071793      9.1494131      1.3811344     51.7991753    101.1005554     10.0204878      8.6253681     80.7794113     12.9247017      7.5163827      4.7309356     11.8531179

      8.0974703      3.5983841     41.6579666     37.6567612     10.3455276    106.5164413      2.1137800     14.6071453     44.8778343     18.5012665      1.9555562      2.6024549      1.5671730      1.7451655      3.7327607      9.9990149      6.4013624     21.9624214      3.4534101      5.4949603

     30.2877235      5.5774102      7.0791502     12.3005762     39.8314095     12.5134211     10.6468353     45.3966484     15.5404196     67.7030029     12.3938046      8.0123720     21.1378918      8.3486423     14.1542501     14.8911858     24.6565456     50.8374329     12.7933617     28.6147423

     88.2652130      4.3521881     21.8585606     14.5567179     28.4545288     55.2318687     67.5773087    129.3413696     19.0401802    101.9225464     16.0681362     52.7831459      3.6218135      7.4303093     12.1903706     40.8213463     28.1577053     75.5512314      3.4019699      7.1836109

     25.0557480      2.2933166     20.7296047     22.8224659     12.1493158     63.5468712      8.8304214     28.6288147     26.8032532     53.7496338     11.8666534     13.1122379     43.0571861     12.0679407     17.2979698     30.4471245     24.3179531     86.2714691      3.6121936      9.1807833

     58.7668610      1.4564831     17.9900322      7.8724680      1.5142356     35.5754166     64.3054352      0.6724576     48.7315750     10.2449627      1.0845940     13.0808878     79.3351898      1.0252017     14.6635160     24.6091862      1.1022177      3.8875968      0.0545105      0.2129386

      1.7893347      1.2278438     24.9223137     32.4908791      0.1771858    157.0845032      2.1631322      0.0496823      2.5562282      3.0338767      0.2983457     83.0034409      1.2263250      2.8090072      3.1580849     11.4415674      1.5707844      3.9700615      0.5789447      0.5995584

      1.7563211      0.2252863      0.6389330      0.1193884      0.0000000    112.4607544      0.1182926      0.0000000      0.7001441      0.0000000      0.0000000      0.0000000      0.0000000      0.1188274      0.1724857      0.1154768      0.0000000      0.0000000      0.0000000      0.0000000

      0.0000000      0.0000000      0.0000000      0.0000000      0.0000000      0.0000000      0.0000000      0.0000000      0.0000000      0.0000000      0.0000000      0.0000000      0.0000000      0.0000000      0.0000000      0.0000000      0.0000000      0.0000000      0.0000000      0.0000000

      6.6096191      9.7557192      0.8197978      1.7711939      5.4806843      2.5077066      0.6467204     15.9053946      1.7898132     29.3736801      4.8155994      0.8340358      2.9593468      1.0662510      1.0952210      2.8210108      3.8899329     18.6560822      1.4599030      2.6110697

     11.2079515      1.6364534      3.1084146     13.0699463      1.9350696     14.1881428      3.8364711      3.1389046     19.9407940     44.3094864      2.3434551      4.5435600     51.8780708      6.4463906      9.5297289      4.8758106      4.6954885     35.9689484      0.2081302      2.0688202

     11.2560434      0.6709203      7.6329303     14.3113413      0.9663875     26.0471935      1.7908521      4.5703549     11.8215761      6.1223950      0.4835709      5.1405649    241.8570404      4.2012467      7.7624640      8.8478260      3.9884474     14.8861933      0.4087621      1.1685195

     40.2964211      0.3023241     32.8287354     28.7237911      9.8778305     74.8153687      4.5386472      0.0000001     21.6640053     23.2761745      0.0000000     10.3084841     78.0485306      5.8971605      0.8931177      5.0844803      0.0000017     33.9683304      0.0000000      0.0299777

      1.2806197      0.3245541      2.6985171      0.7989676      0.0841530      0.9310163      1.2882888      0.1205201      2.3495848      0.5178341      0.1970170      2.3858900      2.8645637      0.3767286      1.1069580      2.4638057      0.9671571      0.2593236      0.0587485      0.2211686

      3.2011075      0.4529414     21.1999836      5.6224952      3.0079846     12.9446726      2.7133963      0.3196583      5.9261484      0.6599255      0.3589008     24.2612152     59.9399490      5.1659641      3.0897889      4.5444374      2.0355256      0.6629184      0.1324344      0.7273512

      0.4755230      0.4028079      5.8239737      2.4477391      0.5952935     25.8022652      2.4737844      0.0005917      1.9504646      0.5951940      0.0000441     16.5198746      1.2201365      3.9707398      1.5336555      2.5396509      0.1610460      0.0000000      0.0000000      0.0000000

      0.0000000      0.0000000      0.0000000      0.0000000      0.0000000      0.0000000      0.0000000      0.0000000      0.0000000      0.0000000      0.0000000      0.0000000      0.0000000      0.0000000      0.0000000      0.0000000      0.0000000      0.0000000      0.0000000      0.0000000

      0.0000000      0.0000000      0.0000000      0.0000000      0.0000000      0.0000000      0.0000000      0.0000000      0.0000000      0.0000000      0.0000000      0.0000000      0.0000000      0.0000000      0.0000000      0.0000000      0.0000000      0.0000000      0.0000000      0.0000000

      0.0000000      0.0000000      0.0000000      0.0000000      0.0000000      0.0000000      0.0000000      0.0000000      0.0000000      0.0000000      0.0000000      0.0000000      0.0000000      0.0000000      0.0000000      0.0000000      0.0000000      0.0000000      0.0000000      0.0000000

      0.0000000      0.0000000      0.0000000      0.0000000      0.0000000      0.0000000      0.0000000      0.0000000      0.0000000      0.0000000      0.0000000      0.0000000      0.0000000      0.0000000      0.0000000      0.0000000      0.0000000      0.0000000      0.0000000      0.0000000

     24.9924393     12.6797848     17.1548138     27.3269081     18.7926006     13.6508713     16.6038284     25.5354805     27.9603157     21.7673740      8.7320814     19.9696274      4.4855037     21.2688141     37.6546402     42.2231178     67.9418793     43.0952606      3.1716616     25.3650055

     52.0431137      1.5452373    284.2813721     71.2367096     29.5018940   1683.1962891     69.3620987     44.0707054     35.1797562     83.3043823      3.3528771    630.1466675    165.7416992     37.0524902     15.2524185    119.5579224     29.4419460    220.9236908      2.0833349     50.6469650

      0.0000000      0.0000000      0.0000000      0.0000002      0.0000000      0.0000568      0.0000367      0.0066675      0.1082287      0.0250536      0.0000008      0.0000001      0.0000003      0.0034210      0.0383302      0.0044253      0.0000000      0.0420080      0.0000001      0.3429093

      0.0000543      0.0000006      0.0000000      0.0000000      0.0000120      0.0000013      0.0000000      0.0000139      0.0000445      0.5709746      0.0000003      0.0000022      0.0000002      0.0000000      0.0000221      0.0000002      0.0000024      0.0000099      0.0000000      0.0000001

     34.8498650      0.8082869     18.2453785     33.5634613      2.6945226      7.9723945      5.0990920      6.4419260     30.4190922     16.4235344      3.7836759     10.6170177      3.6816545     17.6241856     30.1988678     16.3939438      7.9353490      7.4498825      1.8777157      3.1303022

     34.8125458      1.4816347     10.1269407     18.2139950      5.1809330     13.6186495      6.3416018      9.4132128     25.7663498     19.8756351      4.6704488     15.6593695      4.7036881     14.8354788     30.2370491     19.2345390     11.8019657     11.0735989      3.3869708      7.1602778

      8.0965910     10.3574553      7.9742556      7.5584688      3.1908209      3.9439101      3.0840847      9.5770454      7.2873836     16.1609631      2.5414340      5.1200886      3.0349884      3.0264635      5.7824039     10.4150915     16.3491459     13.4875565      1.4412873      3.3590043

      6.6240425      0.9153764     23.4893551      9.0845108      2.3463616     39.6184311      4.0516067      4.0009546     11.9371214      8.7805586      1.8025411     13.9652472      3.9076991      2.9740288      6.1482334      7.6198559      3.8750136      3.6533780      0.4814699      2.8300357

     20.4403782      5.9480271      8.8713436     20.5628319      9.5543451     20.9867210     19.5223389     11.7523069     42.0885811     19.3667088      8.4736280     10.9127989      2.6984065     13.7353926     16.1533413     32.1998405     34.8559647     20.4104996      2.4725213     16.5144005

      6.2346420      1.1065150      6.8690290      0.1134010      3.8148568    126.1088257      0.3570851      3.7700448      0.4415254     16.2111473      0.8301255      0.4860040      8.6467886      0.3518912      0.2514571     41.2998466      1.3936158     22.8755016      0.9348202      6.0212107

     22.9337463      5.4500575      6.0786028     13.4783173     11.9146032      7.4032340      4.1264033     12.2557068     14.7382231     36.7065163      9.4735575      9.5274668      1.3843592      8.0452280     13.1953049     11.4309597     11.9447174     11.8876562      2.8666224      9.5525045

      0.0651706      0.0000000      7.3188815      1.9977574      0.0000014     76.8588791      0.6839576      0.0001521      5.3045173      0.0003117      0.0000113      3.7315519      0.0000000      2.9987717      0.2294799      0.8208028      0.0000000     75.2090378      0.0000000      0.0000636

      0.0000000      0.0000000      0.0000000      0.0000000      0.0000000      0.0000000      0.0000000      0.0000000      0.0000000      0.0000000      0.0000000      0.0000000      0.0000000      0.0000000      0.0000000      0.0000000      0.0000000      0.0000000      0.0000000      0.0000000

      0.0000000      0.0000000      0.0000000      0.0000000      0.0000000      0.0000000      0.0000000      0.0000000      0.0000000      0.0000000      0.0000000      0.0000000      0.0000000      0.0000000      0.0000000      0.0000000      0.0000000      0.0000000      0.0000000      0.0000000

      0.0000000      0.0000000      0.0000000      0.0000000      0.0000000      0.0000000      0.0000000      0.0000000      0.0000000      0.0000000      0.0000000      0.0000000      0.0000000      0.0000000      0.0000000      0.0000000      0.0000000      0.0000000      0.0000000      0.0000000

      0.0000000      0.0000000      0.0000000      0.0000000      0.0000000      0.0000000      0.0000000      0.0000000      0.0000000      0.0000000      0.0000000      0.0000000      0.0000000      0.0000000      0.0000000      0.0000000      0.0000000      0.0000000      0.0000000      0.0000000

      6.3719549      0.2115566      6.9386835      9.8416548      0.7845955      2.8745022      2.1330092      1.3888494      8.5901632      3.5059247      0.3452888      3.4913785      1.8215822      4.8657670      3.8717217      4.9005332      4.5651903      5.4361806      0.3533503      1.9386382

      3.2909052      6.5969119      6.4318242      3.2164495      0.3373192      1.9412074      0.6834053      0.5331181      3.4112067      2.7794716      0.4299906      4.8380747      0.5419138      1.5064865      2.2043462      7.1642766     26.1825237      1.0840529      0.0779428      1.0287392

      0.0000030      0.0000000      0.0000000      0.0000000      0.0000000      0.0000000      0.0000000      0.0000000      0.0000000      0.0000000      0.0000000      0.0000000      0.0000000      0.0000000      0.0000000      0.0000000      0.0000000      0.0000000      0.0000000      0.0000000

      0.0000000      0.0000000      0.0000000      0.0000000      0.0000000      0.0000000      0.0000000      0.0000000      0.0000000      0.0000000      0.0000000      0.0000000      0.0000000      0.0000000      0.0000000      0.0000000      0.0000000      0.0000000      0.0000000      0.0000000

      0.0000000      0.0000000      0.0000000      0.0000000      0.0000000      0.0000000      0.0000000      0.0000000      0.0000000      0.0000000      0.0000000      0.0000000      0.0000000      0.0000000      0.0000000      0.0000000      0.0000000      0.0000000      0.0000000      0.0000000

     27.9430237      2.2029161     37.4031296     44.0064659      3.9284143     29.9185867      8.1099377      6.0216136     35.4451065     12.2674017      3.0540936     19.5778828     24.6578140     19.4927807     25.1067219     35.6253395     16.8707218      8.2836485      4.6835923      5.7111945

     31.7123756      4.4523568     86.2509842     48.7856598     10.5837545    555.3363037     14.6323967      5.4520888     46.7599182     14.4515333      3.9038050     64.8474426     17.8029938     26.0160866    107.9534531     88.8118439     44.9174576     19.5393887      2.3668270     11.6150103

     59.6366272      6.8108320    583.7145996     71.2218094      4.0221233   1407.5859375     18.3573418     19.0394402     56.5870399     44.2467194      2.4799948    310.7195740     58.2704620     41.9504128     51.7488060    111.5489197     13.5201645    187.7142029      1.7561818     12.1363401

      2.0156560      0.4645088      5.8768401      2.9882619      4.5493155      1.4769822     18.7067146      1.6145722      4.0210052      2.6439292      0.4567536      3.1696596      0.2473765      0.6820018      5.3010921      2.7036502      3.3349533      1.1426332      0.1688784      4.8311629

      1.0696375      0.1990715      0.6880792      0.9687034      0.4632996     27.3855515      5.6372194      0.5035155     14.9939518      5.6009798      0.0845588     48.5754128      0.3630297      1.0433203      1.1246400      4.3042045      1.2369030      0.8523898      0.0705753      3.9001102

     96.2989120     15.9965172     53.7301712     10.0894384      6.5039315   1917.4780273     18.9315567      8.9718170     96.5192795     26.3147373      3.7236769     46.1446304     18.3123417      9.1601286      7.5994153    217.9824524     10.3472214     45.5708389      1.6223675      4.3178325

     17.2270069     22.6068420     59.2568893     13.7347107      8.3764582     57.5322571     10.2098227      6.6894298     18.0704956     20.5907154      1.8959920    109.8263092     11.5070057      7.4894543      9.5683136     26.9549465     11.0355520     27.1590843      2.4056461      2.8573515

     68.5129852     16.7412548     88.2899704     18.1693859      8.1609440    228.0964508     34.7679482     21.1107845    151.9051361     42.7527008      1.7061552    157.2183533     33.5855560     14.2017021    185.5805206    101.1135635     36.7428398     66.8415070      3.3255122      6.3579874

     41.7309341      4.3855143    148.4335785    105.3250351     54.0965118    964.1697998     39.5259094     51.9482498     83.0588074     76.2853928     15.1452999    133.9834900     33.8577309     60.8643074     76.9824295     76.0242767     72.6802216    121.3094635      9.8365898    288.8958740

     14.9455824     78.4604950     73.5905533     20.9489002      4.6962852      8.8305168     42.9554787     15.8205357     27.0690689     67.4334335      6.0131826     27.6794510     42.5275764      3.1728528     12.8629036     28.3506680      3.2422001     55.4873657      0.8108373      5.8704171

     14.1183529      7.1067696      2.2721491      2.1847758     15.6120539     11.0477438      3.3885980     11.8745890      2.5361700     12.4917812      2.2231500      2.4122539      1.7724211      3.3396037      3.6792898      9.1576796      8.1209030     14.9811401      4.2949090     10.1206646

     21.6003227      4.0886521    102.4352188     25.2824192     12.2004070    244.3961487      6.6742949     16.3440571     32.8607826     34.8282852      4.8512530     28.2698059     29.1713638      5.4116220      9.8356562    114.7684479     29.1638489     49.1113091      3.5755506      9.3805799

     17.2623291      4.2761097    431.7272339     11.6090612      6.4717598    162.2080078      4.7205667      5.7766647     12.9978390     23.7085648      3.3148963     46.8039742     20.6222324      3.9512568      9.8286381     18.1698093     14.4813232     16.2923126      1.3158863      4.4461927

     38.1154861      6.1814604     99.9404144     43.3879356     16.3474026     56.5514374     18.3580017     20.9229851     40.7796059     32.4414787      6.3682661     37.5615883     31.8139286     23.2643375     29.2589073     48.9473648     64.0797043     44.5528183      4.8254690     17.1047535

     46.2448959      6.9108939    157.2015686     11.5704269     13.5101814    245.9141235     23.0371571     28.3233337     13.4922304     36.3386803      4.1360073     25.6778679    155.4473877      9.4401665      5.9910827     46.3161659      7.0185609     49.6686745      1.0050005      7.9110641

     14.5318928      0.8125629      0.9890096      6.1817179      3.5597229     41.4508972     28.5364456     28.5277863     12.9811659     35.9025497      6.0919199      2.8814692     20.2425537      0.0000082      5.3753552     33.5286064      7.9176941    115.5178833      0.0000000      1.6216841

      0.0000000      0.0000000      0.0000000      0.0000000      0.0000000      0.0000000      0.0000000      0.0000000      0.0000000      0.0000000      0.0000000      0.0000000      0.0000000      0.0000000      0.0000000      0.0000000      0.0000000      0.0000000      0.0000000      0.0000000

      0.0000000      0.0000000      0.0000000      0.0000000      0.0000000      0.0000000      0.0000000      0.0000000      0.0000000      0.0000000      0.0000000      0.0000000      0.0000000      0.0000000      0.0000000      0.0000000      0.0000000      0.0000000      0.0000000      0.0000000

     21.4987106      6.7707591     47.3043098     25.5801144      4.7489157    388.8078918     17.1684818      4.2474747     39.5177574      8.1162643      4.0927219     75.6678619     11.4377718     20.5808353     22.6476021     27.1081429      9.6677876      6.7462578      1.8917103      5.5103164

     54.1710548     14.5935373   1070.4998779     76.3928986      6.8435783   1907.7336426     24.3163795      5.7768059    187.5865326     47.0813560      5.4872508    210.4795380    104.6582031     30.2606716     88.3522644    240.4530792     30.4566803     38.5337791      7.1440125      7.5486531

     37.6959190      4.5548730     53.3247910     45.2095070      8.6865940   2030.2558594     15.2837286     12.7935801     49.4973373     40.6927567      5.7631192     50.6279526    193.1442108     29.6868095     36.3537788    117.4240189     42.6535187     54.0321045      4.4991069      8.6879463

    154.7271576      1.7091411    102.9601135     42.8890610     24.2309532    790.6407471     74.3701859      9.9086733     30.0571785     74.5341644      1.5374714    711.8168335    355.5400696     30.8670063     11.6774483    120.8351288      8.4496965    106.3816452      1.2030655     22.3901806

     17.5966511     15.8221989    312.6121216     29.9323826      4.7571187    146.8099670     51.5748711      9.8142090     31.5806160     13.9432020      5.7620950    218.0729980      5.8723741     11.9519739     15.4632893     33.7063522     23.0862408     19.1384201      1.3388734      5.4114556

     16.7345161      3.6053305     84.7602997      7.8362007     13.5962181    165.4991760      2.8017011     28.7737751    357.5425110     23.1819553      2.0990212    335.7092590     12.9860888      3.7361999    464.1992188     76.1127396     15.1669531     46.3956718      4.7303224     42.9438591

      4.1982174      0.2059452     13.9357100      3.9117250      0.9071445     12.2145557      2.3903632      0.1404839      5.9909720      0.5359858      0.7903289     18.3401337      0.5784779      2.7290881      4.1614428      4.9053879      1.5838840      0.5170842      0.1277722      4.4231310

     10.4870815      3.0709956     11.7445297      9.8513842      9.3997660     37.9147301      8.0781975      9.4690666      7.3388209      9.7148705      2.1374295     27.8022270      1.4886078     13.5652027      5.3600435      6.2925491      7.1242332     14.3956327      4.3786950     12.6253185

      9.2190742      4.8020229      1.6373374      8.8886213     64.0054779     60.9241066     14.3816376     51.1948700     83.7115097     40.3338432     10.9935083     71.5084076      5.3388762     12.3511715    105.0880737      4.0055537     42.5279236    154.2997437      3.4339921    474.3557434

      4.3817158      0.6626520      1.6474935      2.3375390     13.5743494     58.4001656      2.1736510      7.6127176     12.8615646      5.7499304      2.4453936      1.4167571      1.0152857      1.7190727     15.7594395      3.2860265     34.2752037     39.1731834      0.3458548     73.6357727

      0.1451305      0.0009464      0.1437442      0.0000228      0.4387663     18.6736832      0.0003792      0.1624244      0.0000677     86.1148224      0.0000823      1.9485862      0.0000196      0.0000092      0.0002253      0.0001655      0.0005746      1.3644665      0.0000000      0.2666717

      2.1761432      2.0557561      0.7149943      1.0725530      3.9286606      0.7290931      0.6623083      8.0586843      1.3741711     10.5581617      1.3766279      1.0236629      0.2335331      1.7578485      1.5209177      2.3832908      2.5439265     11.4425068      1.0018234      6.1607795

      8.3867636      1.2606392     22.1800690      9.4238157      2.6769180     13.9387302      3.9620788     13.9752502      9.9650059      5.3436561      1.4135036     10.9811172      1.3102702      4.3913217      7.6196055     60.5356636      8.3000612     48.6780472      0.4515517      2.0930147

      6.4853268      2.6895285     46.0493011     11.7153950      2.4011264    318.6951599      1.7996787      0.4226971     12.4113998      4.4926243      0.3133340    102.3636093      5.5251322      1.2973889      2.1966586    121.1745148      3.5561137      2.6561909      2.0446327      0.9135764

      0.0447586      2.6454780      0.0357306      0.0122624      3.1336260      0.1466241      0.0166818      0.9294543      0.0022800      0.5041125      0.0551805      0.4149210      0.0729630      0.0105813      0.0263239      0.0553095      0.1257874      0.1621564      0.0747017      3.3561780

      0.0000000      0.0000000      0.0000015      0.0000051      0.0000042      0.0000000      0.0000000      0.0000005      0.0000522      0.0000004      0.0000004      0.0000000      0.0000000      0.0000002      0.0000253      0.0000002      0.0000000      0.0000000      0.0000000      0.0001948

      0.0000007      0.0000000      0.0000000      0.0000000      0.0000000      0.0000000      0.0000000      0.0000000      0.0000000      0.0000000      0.0000000      0.0000000      0.0000000      0.0000000      0.0000000      0.0000000      0.0000000      0.0000000      0.0000000      0.0000000

      0.0000000      0.0000000      0.0000000      0.0000000      0.0000000      0.0000000      0.0000000      0.0000000      0.0000000      0.0000000      0.0000000      0.0000000      0.0000000      0.0000000      0.0000000      0.0000000      0.0000000      0.0000000      0.0000000      0.0000000

      0.0000000      0.0000000      0.0000000      0.0000000      0.0000000      0.0000000      0.0000000      0.0000000      0.0000000      0.0000000      0.0000000      0.0000000      0.0000000      0.0000000      0.0000000      0.0000000      0.0000000      0.0000000      0.0000000      0.0000000

      0.0000000      0.0000000      0.0000000      0.0000000      0.0000000      0.0000000      0.0000000      0.0000000      0.0000000      0.0000000      0.0000000      0.0000000      0.0000000      0.0000000      0.0000000      0.0000000      0.0000000      0.0000000      0.0000000      0.0000000

      0.0000073      0.0000000      0.0000325      0.0000228      0.0000000      0.0000000      0.0000008      0.0000002      0.5772636      0.0000003      0.0000000      0.0000002      0.0000000      0.0001567      0.0016364      0.0000122      0.0000286      0.0000002      0.0000001      0.0000005

     54.8734818     14.8057985     30.6441784     33.3984146     33.7607918     47.0187836     14.1972389     33.6322479     37.2102890     56.1731606     15.3129187     28.2310410     21.3421364     26.5273113     33.6555176     50.4110794     52.7859001     40.8671646     12.9966040     28.5959606

     47.8580933      3.3326247    249.7863007     62.9315453     61.5316429    162.1417236     79.7492676     91.2593994     69.9719238     75.3475723      5.7506533    127.0558853    120.7746964     10.9575348     41.6982117    101.7671814      9.1434479    114.9807739      0.0937341      6.1800485

      0.0878402      0.0085137      0.4383568      0.2275833      0.0505825      0.1844484      0.0425523      0.0600528      0.2169958      0.1559161      0.0186879      0.3162499      0.0943266      0.0475234      0.2840812      0.2110470      0.2139952      0.1513856      0.0310651      0.0514911

      1.5418849      1.8510914      5.3316474      2.1467261      6.9628010      7.0814543      3.3668594      1.1872953      1.7270981      3.3882523      0.2712395     10.2105417      0.1879577      1.5570647      2.1335363      2.2141881      0.6958107      1.2849160      2.0934181      9.0773172

      2.2856464      0.1053159     23.4533978      1.2728074      0.2059150      1.8777511      0.2951111      0.3252071      2.1532884      0.5801483      0.2077556     16.1894836     39.7907753      0.9473172      1.1570715      2.8803496      2.2801564      0.7469668      0.0407811      0.1261558

      2.4655030      0.1324461     10.5067568      7.4470916      0.8107665      6.1839871      2.0595713      0.2731043      3.9515526      0.5933506      0.6162062      6.2129712      0.8364801      4.2699800      1.5475776      5.1279836      2.9434495      0.5477583      0.3958858      0.5813616

     11.1318369      3.6778247      5.8844299      7.4110212      8.5724192      2.6225469      7.1764283     18.3697777     14.7762833     21.6161766      3.9603593    113.6340027      5.8131375      6.3717952     89.9074097     12.9268951     15.1345625     22.2089367      2.0232825     12.7217093

